0 1 392
0 2 557
0 3 515
0 4 417
0 5 196
0 6 377
0 7 139
0 8 241
0 9 139
0 10 462
0 11 377
0 12 278
0 13 265
0 14 331
0 15 557
0 16 468
1 2 684
1 3 241
1 4 139
1 5 377
1 6 592
1 7 265
1 8 515
1 9 526
1 10 792
1 11 493
1 12 480
1 13 571
1 14 722
1 15 679
1 16 857
2 3 915
2 4 802
2 5 377
2 6 196
2 7 618
2 8 331
2 9 526
2 10 400
2 11 931
2 12 835
2 13 799
2 14 604
2 15 1114
2 16 650
3 4 114
3 5 575
3 6 802
3 7 377
3 8 702
3 9 653
3 10 966
3 11 415
3 12 460
3 13 589
3 14 835
3 15 560
3 16 974
4 5 462
4 6 688
4 7 278
4 8 592
4 9 557
4 10 859
4 11 400
4 12 415
4 13 531
4 14 745
4 15 571
4 16 883
5 6 228
5 7 241
5 8 139
5 9 240
5 10 417
5 11 557
5 12 468
5 13 460
5 14 415
5 15 745
5 16 531
6 7 462
6 8 139
6 9 331
6 10 265
6 11 755
6 12 653
6 13 606
6 14 415
6 15 931
6 16 480
7 8 342
7 9 278
7 10 592
7 11 331
7 12 265
7 13 320
7 14 468
7 15 526
7 16 606
8 9 196
8 10 278
8 11 618
8 12 515
8 13 468
8 14 320
8 15 792
8 16 415
9 10 342
9 11 462
9 12 351
9 13 278
9 14 196
9 15 618
9 16 331
10 11 802
10 12 688
10 13 592
10 14 278
10 15 943
10 16 265
11 12 114
11 13 241
11 14 575
11 15 196
11 16 702
12 13 139
12 14 462
12 15 278
12 16 592
13 14 342
13 15 351
13 16 462
14 15 688
14 16 139
15 16 798
