0 1 548
0 2 776
0 3 696
0 4 582
0 5 274
0 6 502
0 7 194
0 8 308
0 9 194
0 10 536
0 11 502
0 12 388
0 13 354
0 14 468
0 15 776
0 16 662
1 2 684
1 3 308
1 4 194
1 5 502
1 6 730
1 7 354
1 8 696
1 9 742
1 10 1084
1 11 594
1 12 480
1 13 674
1 14 1016
1 15 868
1 16 1210
2 3 992
2 4 878
2 5 502
2 6 274
2 7 810
2 8 468
2 9 742
2 10 400
2 11 1278
2 12 1164
2 13 1130
2 14 788
2 15 1552
2 16 754
3 4 114
3 5 650
3 6 878
3 7 502
3 8 844
3 9 890
3 10 1232
3 11 514
3 12 628
3 13 822
3 14 1164
3 15 560
3 16 1358
4 5 536
4 6 764
4 7 388
4 8 730
4 9 776
4 10 1118
4 11 400
4 12 514
4 13 708
4 14 1050
4 15 674
4 16 1244
5 6 228
5 7 308
5 8 194
5 9 240
5 10 582
5 11 776
5 12 662
5 13 628
5 14 514
5 15 1050
5 16 708
6 7 536
6 8 194
6 9 468
6 10 354
6 11 1004
6 12 890
6 13 856
6 14 514
6 15 1278
6 16 480
7 8 342
7 9 388
7 10 730
7 11 468
7 12 354
7 13 320
7 14 662
7 15 742
7 16 856
8 9 274
8 10 388
8 11 810
8 12 696
8 13 662
8 14 320
8 15 1084
8 16 514
9 10 342
9 11 536
9 12 422
9 13 388
9 14 274
9 15 810
9 16 468
10 11 878
10 12 764
10 13 730
10 14 388
10 15 1152
10 16 354
11 12 114
11 13 308
11 14 650
11 15 274
11 16 844
12 13 194
12 14 536
12 15 388
12 16 730
13 14 342
13 15 422
13 16 536
14 15 764
14 16 194
15 16 798
0 1 548
0 2 776
0 3 696
0 4 582
0 5 274
0 6 502
0 7 194
0 8 308
0 9 194
0 10 536
0 11 502
0 12 388
0 13 354
0 14 468
0 15 776
0 16 662
1 2 684
1 3 308
1 4 194
1 5 502
1 6 730
1 7 354
1 8 696
1 9 742
1 10 1084
1 11 594
1 12 480
1 13 674
1 14 1016
1 15 868
1 16 1210
2 3 992
2 4 878
2 5 502
2 6 274
2 7 810
2 8 468
2 9 742
2 10 400
2 11 1278
2 12 1164
2 13 1130
2 14 788
2 15 1552
2 16 754
3 4 114
3 5 650
3 6 878
3 7 502
3 8 844
3 9 890
3 10 1232
3 11 514
3 12 628
3 13 822
3 14 1164
3 15 560
3 16 1358
4 5 536
4 6 764
4 7 388
4 8 730
4 9 776
4 10 1118
4 11 400
4 12 514
4 13 708
4 14 1050
4 15 674
4 16 1244
5 6 228
5 7 308
5 8 194
5 9 240
5 10 582
5 11 776
5 12 662
5 13 628
5 14 514
5 15 1050
5 16 708
6 7 536
6 8 194
6 9 468
6 10 354
6 11 1004
6 12 890
6 13 856
6 14 514
6 15 1278
6 16 480
7 8 342
7 9 388
7 10 730
7 11 468
7 12 354
7 13 320
7 14 662
7 15 742
7 16 856
8 9 274
8 10 388
8 11 810
8 12 696
8 13 662
8 14 320
8 15 1084
8 16 514
9 10 342
9 11 536
9 12 422
9 13 388
9 14 274
9 15 810
9 16 468
10 11 878
10 12 764
10 13 730
10 14 388
10 15 1152
10 16 354
11 12 114
11 13 308
11 14 650
11 15 274
11 16 844
12 13 194
12 14 536
12 15 388
12 16 730
13 14 342
13 15 422
13 16 536
14 15 764
14 16 194
15 16 7980 1 548
0 2 776
0 3 696
0 4 582
0 5 274
0 6 502
0 7 194
0 8 308
0 9 194
0 10 536
0 11 502
0 12 388
0 13 354
0 14 468
0 15 776
0 16 662
1 2 684
1 3 308
1 4 194
1 5 502
1 6 730
1 7 354
1 8 696
1 9 742
1 10 1084
1 11 594
1 12 480
1 13 674
1 14 1016
1 15 868
1 16 1210
2 3 992
2 4 878
2 5 502
2 6 274
2 7 810
2 8 468
2 9 742
2 10 400
2 11 1278
2 12 1164
2 13 1130
2 14 788
2 15 1552
2 16 754
3 4 114
3 5 650
3 6 878
3 7 502
3 8 844
3 9 890
3 10 1232
3 11 514
3 12 628
3 13 822
3 14 1164
3 15 560
3 16 1358
4 5 536
4 6 764
4 7 388
4 8 730
4 9 776
4 10 1118
4 11 400
4 12 514
4 13 708
4 14 1050
4 15 674
4 16 1244
5 6 228
5 7 308
5 8 194
5 9 240
5 10 582
5 11 776
5 12 662
5 13 628
5 14 514
5 15 1050
5 16 708
6 7 536
6 8 194
6 9 468
6 10 354
6 11 1004
6 12 890
6 13 856
6 14 514
6 15 1278
6 16 480
7 8 342
7 9 388
7 10 730
7 11 468
7 12 354
7 13 320
7 14 662
7 15 742
7 16 856
8 9 274
8 10 388
8 11 810
8 12 696
8 13 662
8 14 320
8 15 1084
8 16 514
9 10 342
9 11 536
9 12 422
9 13 388
9 14 274
9 15 810
9 16 468
10 11 878
10 12 764
10 13 730
10 14 388
10 15 1152
10 16 354
11 12 114
11 13 308
11 14 650
11 15 274
11 16 844
12 13 194
12 14 536
12 15 388
12 16 730
13 14 342
13 15 422
13 16 536
14 15 764
14 16 194
15 16 798
0 1 548
0 2 776
0 3 696
0 4 582
0 5 274
0 6 502
0 7 194
0 8 308
0 9 194
0 10 536
0 11 502
0 12 388
0 13 354
0 14 468
0 15 776
0 16 662
1 2 684
1 3 308
1 4 194
1 5 502
1 6 730
1 7 354
1 8 696
1 9 742
1 10 1084
1 11 594
1 12 480
1 13 674
1 14 1016
1 15 868
1 16 1210
2 3 992
2 4 878
2 5 502
2 6 274
2 7 810
2 8 468
2 9 742
2 10 400
2 11 1278
2 12 1164
2 13 1130
2 14 788
2 15 1552
2 16 754
3 4 114
3 5 650
3 6 878
3 7 502
3 8 844
3 9 890
3 10 1232
3 11 514
3 12 628
3 13 822
3 14 1164
3 15 560
3 16 1358
4 5 536
4 6 764
4 7 388
4 8 730
4 9 776
4 10 1118
4 11 400
4 12 514
4 13 708
4 14 1050
4 15 674
4 16 1244
5 6 228
5 7 308
5 8 194
5 9 240
5 10 582
5 11 776
5 12 662
5 13 628
5 14 514
5 15 1050
5 16 708
6 7 536
6 8 194
6 9 468
6 10 354
6 11 1004
6 12 890
6 13 856
6 14 514
6 15 1278
6 16 480
7 8 342
7 9 388
7 10 730
7 11 468
7 12 354
7 13 320
7 14 662
7 15 742
7 16 856
8 9 274
8 10 388
8 11 810
8 12 696
8 13 662
8 14 320
8 15 1084
8 16 514
9 10 342
9 11 536
9 12 422
9 13 388
9 14 274
9 15 810
9 16 468
10 11 878
10 12 764
10 13 730
10 14 388
10 15 1152
10 16 354
11 12 114
11 13 308
11 14 650
11 15 274
11 16 844
12 13 194
12 14 536
12 15 388
12 16 730
13 14 342
13 15 422
13 16 536
14 15 764
14 16 194
15 16 798
0 1 548
0 2 776
0 3 696
0 4 582
0 5 274
0 6 502
0 7 194
0 8 308
0 9 194
0 10 536
0 11 502
0 12 388
0 13 354
0 14 468
0 15 776
0 16 662
1 2 684
1 3 308
1 4 194
1 5 502
1 6 730
1 7 354
1 8 696
1 9 742
1 10 1084
1 11 594
1 12 480
1 13 674
1 14 1016
1 15 868
1 16 1210
2 3 992
2 4 878
2 5 502
2 6 274
2 7 810
2 8 468
2 9 742
2 10 400
2 11 1278
2 12 1164
2 13 1130
2 14 788
2 15 1552
2 16 754
3 4 114
3 5 650
3 6 878
3 7 502
3 8 844
3 9 890
3 10 1232
3 11 514
3 12 628
3 13 822
3 14 1164
3 15 560
3 16 1358
4 5 536
4 6 764
4 7 388
4 8 730
4 9 776
4 10 1118
4 11 400
4 12 514
4 13 708
4 14 1050
4 15 674
4 16 1244
5 6 228
5 7 308
5 8 194
5 9 240
5 10 582
5 11 776
5 12 662
5 13 628
5 14 514
5 15 1050
5 16 708
6 7 536
6 8 194
6 9 468
6 10 354
6 11 1004
6 12 890
6 13 856
6 14 514
6 15 1278
6 16 480
7 8 342
7 9 388
7 10 730
7 11 468
7 12 354
7 13 320
7 14 662
7 15 742
7 16 856
8 9 274
8 10 388
8 11 810
8 12 696
8 13 662
8 14 320
8 15 1084
8 16 514
9 10 342
9 11 536
9 12 422
9 13 388
9 14 274
9 15 810
9 16 468
10 11 878
10 12 764
10 13 730
10 14 388
10 15 1152
10 16 354
11 12 114
11 13 308
11 14 650
11 15 274
11 16 844
12 13 194
12 14 536
12 15 388
12 16 730
13 14 342
13 15 422
13 16 536
14 15 764
14 16 194
15 16 798
